103049110
102998967
102954445
103033863
102898663
103058438
103027617
103058383
102981510
102932304
102927290
103001712
102995440
103056585
102893974
103045489
102954463
103053484
102974355
103001458
102881944
103035395
103048250
103053193
102941545
103032614
103060910
103039951
102954929
103030651
103050699
103048657
103055439
103047628
102886020
103007766
103050927
103042754
103052267
102940634
102983902
103039858
103027574
103053483
103042309
102962105
103047720
102993896
103007484
102976077
103050933
103038863
102913311
103059450
103049978
103000056
103058276
102948581
102959033
102883128
103014795
103045055
102981331
102964638
103006149
102923918
103059524
102878642
102945097
103031202
103050748
103039903
102944311
102978292
103024558
102980720
102980945
103049214
103007519
103058942
102893517
103045094
102954020
102860455
102980508
102981209
103015062
102940085
103030513
103021241
103005311
103017681
103005245
103041262
102980708
103011622
103027034
103030820
103053501
103050932
